id	id_atividade	nota1	nota2	nota3	nota4	nota_final
1	131043	7	8	1	0	0
2	189	9	5	7	5	10
3	100541	4	2	1	8	10
4	41548	6	9	3	8	10
5	2193	0	4	3	6	10
6	73031	1	1	6	9	10
7	106026	8	0	9	2	10
8	27428	4	5	2	4	10
9	64745	6	6	7	7	10
10	54542	4	5	8	5	10
11	121117	2	4	5	4	10
12	39983	0	6	5	1	10
13	117989	4	1	6	8	10
14	28829	7	0	0	2	10
15	72096	2	6	8	1	10
16	145698	5	9	0	7	10
17	49343	9	3	2	1	10
18	123849	0	5	6	1	10
19	109811	2	6	4	9	10
20	48055	6	2	9	4	10
21	1027	1	1	2	1	10
22	69487	3	4	2	3	10
23	96228	8	0	1	4	10
24	64527	8	3	9	4	10
25	23049	2	0	6	4	10
26	88743	6	2	5	6	10
27	138384	9	3	7	5	10
28	131512	0	9	2	5	10
29	69601	7	0	8	9	10
30	65958	9	7	3	7	10
31	29900	3	9	7	0	0
32	24390	6	3	3	7	10
33	93929	1	4	6	7	10
34	11047	8	2	1	3	10
35	8153	8	4	0	9	10
36	98478	7	1	3	9	10
37	136197	7	1	5	2	10
38	59939	5	2	0	5	10
39	128159	9	6	0	1	10
40	74945	0	2	5	4	10
41	3733	6	7	7	8	10
42	35543	9	3	2	2	10
43	127154	2	7	3	3	10
44	57083	2	5	2	9	10
45	47619	5	1	9	8	10
46	26437	9	0	1	7	10
47	141824	5	7	1	0	0
48	126243	5	7	5	0	0
49	52768	6	0	4	1	10
50	141560	2	8	0	9	10
51	126826	3	2	4	3	10
52	136028	6	0	2	4	10
53	148671	2	1	5	2	10
54	28037	7	2	7	4	10
55	107470	9	3	4	6	10
56	71920	1	3	4	4	10
57	128673	6	8	5	7	10
58	45054	0	6	3	0	0
59	32324	8	3	3	4	10
60	95681	3	3	0	1	10
61	52996	6	7	2	6	10
62	93824	6	2	7	1	10
63	117990	6	3	8	4	10
64	131223	4	2	8	9	10
65	60973	2	2	7	1	10
66	110119	4	5	3	7	10
67	147573	0	4	7	6	10
68	100845	5	9	1	0	0
69	113195	4	8	2	8	10
70	148434	4	3	1	7	10
71	140874	4	5	0	5	10
72	70899	1	0	6	9	10
73	54931	7	6	4	9	10
74	140445	4	2	6	6	10
75	7910	1	0	0	2	10
76	106512	0	1	7	4	10
77	62399	1	4	1	6	10
78	107250	9	1	6	1	10
79	7720	4	0	8	9	10
80	50120	4	7	7	4	10
81	84593	0	2	6	4	10
82	84227	0	8	6	0	0
83	88341	5	8	4	0	0
84	117047	0	1	1	2	10
85	107825	4	8	3	3	10
86	7629	0	8	7	5	10
87	88058	2	1	4	8	10
88	58096	0	1	1	7	10
89	117236	9	0	7	6	10
90	132115	5	7	0	8	10
91	88337	0	2	3	4	10
92	6245	2	7	5	5	10
93	61265	7	1	3	5	10
94	72768	4	1	1	7	10
95	139861	8	6	8	6	10
96	107122	3	2	8	1	10
97	15026	5	2	2	1	10
98	52495	1	9	4	0	0
99	126531	8	4	8	3	10
100	59574	8	6	0	6	10
101	63754	4	1	6	8	10
102	82885	9	0	6	8	10
103	94578	4	4	8	1	10
104	7702	8	8	6	6	10
105	60188	9	9	6	6	10
106	31832	8	9	2	7	10
107	64672	2	1	5	7	10
108	1573	0	4	9	9	10
109	59823	7	1	4	6	10
110	10910	1	6	3	9	10
111	110551	7	0	8	0	0
112	71884	4	0	9	5	10
113	61802	3	2	3	0	0
114	55473	4	8	3	6	10
115	94476	9	3	8	2	10
116	106243	7	8	3	3	10
117	114398	1	4	8	7	10
118	2354	3	0	4	9	10
119	137675	6	8	9	9	10
120	148195	8	7	5	1	10
121	68437	3	1	4	7	10
122	54031	6	9	4	2	10
123	117246	2	2	3	8	10
124	126543	0	4	3	0	0
125	133314	3	6	4	3	10
126	148278	2	6	4	6	10
127	75490	4	9	5	9	10
128	79682	8	9	6	6	10
129	95125	1	8	0	7	10
130	129055	6	8	8	5	10
131	13281	9	1	4	0	0
132	21793	7	7	4	7	10
133	1146	3	2	4	5	10
134	133857	1	5	9	7	10
135	14018	2	3	3	8	10
136	80114	2	7	8	4	10
137	89967	4	9	2	7	10
138	87054	4	9	7	0	0
139	147063	3	4	2	1	10
140	128448	0	9	6	4	10
141	4532	4	5	5	9	10
142	124257	2	5	8	6	10
143	67730	4	2	7	2	10
144	51994	9	2	0	8	10
145	49059	1	5	3	5	10
146	62355	8	6	4	2	10
147	11246	7	6	3	1	10
148	103196	6	1	1	7	10
149	96267	6	5	2	4	10
150	141343	4	6	5	1	10
151	28608	6	5	5	0	0
152	88533	2	7	1	0	0
153	44298	8	6	8	9	10
154	20668	1	4	5	1	10
155	54612	3	2	9	3	10
156	127492	1	2	0	7	10
157	102575	3	8	3	7	10
158	98732	6	0	7	1	10
159	30051	1	8	0	0	0
160	73384	1	5	0	4	10
161	119494	6	3	2	0	0
162	87492	6	8	7	5	10
163	109060	7	3	6	7	10
164	116640	2	6	0	0	0
165	42373	4	8	8	8	10
166	119808	7	0	3	2	10
167	148608	2	2	9	1	10
168	47070	5	2	5	7	10
169	80857	4	0	1	2	10
170	109360	2	4	6	4	10
171	120748	1	0	6	8	10
172	69731	7	1	1	7	10
173	93563	6	6	3	6	10
174	44010	9	0	4	9	10
175	29860	7	8	0	5	10
176	115297	8	3	3	1	10
177	128797	0	0	4	4	10
178	88092	1	3	7	9	10
179	17133	8	5	1	0	0
180	93210	6	0	9	0	0
181	107316	2	7	0	1	10
182	148338	0	4	0	4	10
183	75658	9	8	4	2	10
184	114662	8	9	6	5	10
185	22695	4	5	0	2	10
186	149658	1	9	5	3	10
187	51535	4	7	1	8	10
188	70870	1	8	9	1	10
189	22564	8	6	7	4	10
190	125372	5	2	9	1	10
191	96527	3	3	5	1	10
192	49303	3	7	4	0	0
193	109825	9	9	2	8	10
194	94426	5	7	0	4	10
195	5182	6	6	2	6	10
196	139809	7	5	4	4	10
197	119966	4	2	8	0	0
198	9814	0	1	7	4	10
199	41923	0	1	3	1	10
200	75817	3	3	2	4	10
201	136089	4	3	1	5	10
202	8366	7	5	5	6	10
203	141235	7	5	6	0	0
204	89009	5	2	3	5	10
205	99933	1	1	8	3	10
206	110069	8	6	0	5	10
207	52192	0	7	7	1	10
208	47951	4	8	0	2	10
209	61426	9	0	9	6	10
210	17293	9	6	4	7	10
211	147463	9	6	5	5	10
212	27085	5	8	0	6	10
213	101698	1	5	5	2	10
214	8972	0	1	6	1	10
215	95355	5	9	5	6	10
216	42880	1	2	7	5	10
217	112777	2	5	4	3	10
218	57502	1	9	4	8	10
219	65332	5	5	0	7	10
220	139342	9	1	0	8	10
221	48791	2	3	8	6	10
222	40309	6	8	8	2	10
223	14428	1	1	8	6	10
224	89055	2	1	1	7	10
225	38310	5	0	1	4	10
226	101172	4	0	4	4	10
227	13734	3	5	3	1	10
228	94763	3	6	1	2	10
229	60455	8	5	8	7	10
230	144510	9	5	2	7	10
231	13486	2	2	5	8	10
232	134060	8	2	7	1	10
233	113212	1	5	9	9	10
234	135842	4	3	8	1	10
235	72941	2	5	9	3	10
236	137033	9	5	6	8	10
237	82048	9	6	4	4	10
238	105306	4	1	2	5	10
239	73176	3	1	3	4	10
240	4763	9	2	4	0	0
241	145754	6	0	0	9	10
242	71574	3	0	9	1	10
243	89044	0	4	3	5	10
244	86828	6	6	0	7	10
245	143408	6	1	4	7	10
246	71379	2	7	5	0	0
247	50934	7	8	4	6	10
248	41534	7	2	8	7	10
249	75359	6	4	4	8	10
250	4561	2	8	3	8	10
251	112224	1	5	8	2	10
252	15516	6	1	0	2	10
253	35674	8	6	7	0	0
254	91217	1	7	6	6	10
255	970	3	7	3	4	10
256	82206	9	5	1	2	10
257	46899	2	9	5	5	10
258	85200	1	2	0	9	10
259	106717	5	0	9	6	10
260	28363	7	4	2	5	10
261	56274	5	1	3	0	0
262	108333	9	9	8	0	0
263	79617	7	0	1	7	10
264	107012	1	4	0	6	10
265	117439	8	6	0	6	10
266	47546	6	4	4	8	10
267	79906	1	0	1	1	10
268	135709	4	4	7	5	10
269	68853	9	0	3	7	10
270	65527	3	5	6	2	10
271	125845	8	2	6	3	10
272	123227	4	8	4	1	10
273	56513	8	3	0	8	10
274	61793	7	7	2	4	10
275	57310	0	1	0	6	10
276	40617	6	0	9	6	10
277	79996	7	0	5	8	10
278	64476	0	4	9	3	10
279	118571	6	1	1	3	10
280	145138	4	3	2	3	10
281	136762	0	6	9	6	10
282	33804	4	2	7	5	10
283	132923	3	6	1	2	10
284	8531	5	0	6	2	10
285	115363	1	8	6	0	0
286	47693	2	7	9	3	10
287	4374	5	4	9	1	10
288	18752	4	6	9	1	10
289	22693	8	8	7	6	10
290	76005	7	9	3	7	10
291	134825	3	8	0	2	10
292	118853	5	4	3	2	10
293	22178	1	6	1	1	10
294	111677	2	7	1	3	10
295	123722	9	1	2	7	10
296	130441	2	7	5	3	10
297	64400	1	8	3	4	10
298	140342	6	2	0	4	10
299	114245	7	3	6	9	10
300	32441	2	7	8	1	10
301	22325	5	6	0	9	10
302	495	3	8	4	2	10
303	129165	5	8	2	0	0
304	78717	0	1	6	7	10
305	90634	3	5	5	0	0
306	148784	6	1	8	1	10
307	113251	4	4	2	4	10
308	137719	4	5	6	7	10
309	3265	7	9	7	4	10
310	90965	4	7	0	9	10
311	137673	9	0	5	5	10
312	67973	2	4	9	6	10
313	54230	9	3	0	7	10
314	118634	8	0	3	1	10
315	67379	0	0	7	2	10
316	67623	5	2	2	7	10
317	62458	5	3	2	9	10
318	67904	1	6	4	1	10
319	55820	1	0	0	4	10
320	111779	0	8	4	0	0
321	85786	4	2	8	3	10
322	41615	8	7	4	8	10
323	35993	1	1	0	5	10
324	39158	9	4	9	1	10
325	71021	2	9	2	0	0
326	105863	2	2	6	6	10
327	131594	2	6	8	8	10
328	16151	0	9	9	6	10
329	144033	1	8	8	5	10
330	58447	6	7	1	2	10
331	81090	9	4	6	5	10
332	132498	5	1	4	9	10
333	54911	9	3	0	4	10
334	58064	5	6	8	7	10
335	85812	7	3	0	8	10
336	112189	0	5	8	2	10
337	74190	9	0	5	9	10
338	127426	4	2	1	1	10
339	149243	9	6	3	1	10
340	102296	3	5	3	5	10
341	19567	8	0	2	3	10
342	105778	4	3	9	6	10
343	63755	0	2	9	0	0
344	41154	7	3	9	9	10
345	60097	8	5	7	6	10
346	92208	9	9	6	5	10
347	69462	9	9	4	2	10
348	46058	7	2	9	9	10
349	78218	9	3	8	4	10
350	55259	2	1	7	0	0
351	102246	2	6	4	1	10
352	147279	8	7	5	7	10
353	108602	0	0	0	9	10
354	91869	5	2	3	1	10
355	118024	7	2	6	0	0
356	28062	1	6	3	5	10
357	62671	2	6	4	9	10
358	138317	7	1	6	2	10
359	99290	8	7	5	6	10
360	49110	1	2	1	1	10
361	124118	7	9	7	6	10
362	15274	9	5	9	0	0
363	80855	8	4	7	3	10
364	103061	0	8	8	6	10
365	119587	7	3	4	3	10
366	71193	4	3	6	5	10
367	123616	2	5	3	5	10
368	31525	1	7	1	1	10
369	58954	2	2	0	1	10
370	45596	8	6	8	5	10
371	57308	2	5	2	6	10
372	50053	9	7	3	4	10
373	109388	8	9	4	2	10
374	13735	0	5	4	5	10
375	19449	9	2	9	0	0
376	95779	8	4	6	8	10
377	88799	1	1	7	5	10
378	132469	3	4	0	1	10
379	121738	7	4	6	9	10
380	40598	8	7	5	9	10
381	40519	8	3	7	8	10
382	93733	6	6	8	9	10
383	124963	6	7	1	4	10
384	41532	7	8	6	3	10
385	105158	1	2	1	1	10
386	88776	5	4	3	2	10
387	33271	0	4	1	3	10
388	116469	0	1	7	4	10
389	63000	6	8	6	2	10
390	62467	8	4	5	4	10
391	51544	3	0	7	2	10
392	21843	8	4	2	9	10
393	110124	2	2	7	4	10
394	59993	3	6	3	5	10
395	77885	0	7	5	1	10
396	124712	0	8	4	7	10
397	70666	6	1	6	0	0
398	108168	7	6	2	0	0
399	18890	1	4	6	8	10
400	79947	9	6	2	7	10
401	7388	2	6	3	9	10
402	36800	4	4	5	0	0
403	47705	2	2	6	9	10
404	89865	6	7	8	6	10
405	70216	1	0	8	5	10
406	5911	8	1	2	9	10
407	125783	9	3	5	0	0
408	17674	0	7	1	6	10
409	123666	4	2	1	1	10
410	118760	0	9	3	7	10
411	6257	4	2	0	1	10
412	47843	1	0	3	1	10
413	55876	3	3	7	6	10
414	67440	2	3	1	7	10
415	57509	3	2	9	2	10
416	9248	9	4	5	7	10
417	110896	6	2	9	8	10
418	76971	0	2	9	8	10
419	109529	1	6	5	9	10
420	30662	0	6	9	9	10
421	47027	3	1	3	4	10
422	112126	7	2	9	8	10
423	133863	3	9	0	3	10
424	70420	3	6	7	6	10
425	125820	5	5	2	4	10
426	145269	9	5	7	0	0
427	129120	5	6	5	8	10
428	86019	9	1	4	7	10
429	79349	7	8	8	7	10
430	22267	6	9	5	5	10
431	56974	8	2	1	4	10
432	57217	5	5	6	0	0
433	140112	5	4	6	0	0
434	147318	2	2	3	8	10
435	54274	7	1	1	6	10
436	109052	5	7	6	4	10
437	38470	1	9	8	0	0
438	116290	2	8	6	3	10
439	47260	3	7	7	9	10
440	19336	9	6	6	5	10
441	67535	8	2	1	8	10
442	98609	3	9	8	3	10
443	41495	3	1	0	1	10
444	88494	1	4	0	6	10
445	107192	3	1	3	9	10
446	129530	6	3	8	8	10
447	120663	9	0	7	5	10
448	27978	4	3	6	3	10
449	85111	9	4	5	1	10
450	36011	3	3	3	5	10
451	104194	7	1	4	7	10
452	50473	4	8	7	4	10
453	52799	2	9	9	5	10
454	106737	1	9	3	9	10
455	20661	0	4	2	1	10
456	107249	8	5	1	9	10
457	79875	3	4	8	9	10
458	126377	5	3	5	4	10
459	120395	3	9	1	4	10
460	104550	3	4	4	7	10
461	73107	1	1	0	6	10
462	139135	5	0	1	4	10
463	95610	9	0	4	9	10
464	12809	3	9	1	6	10
465	66138	4	2	3	2	10
466	19535	4	9	7	0	0
467	147177	8	1	1	6	10
468	26686	5	9	5	5	10
469	68424	6	1	7	7	10
470	100496	1	6	1	4	10
471	103939	3	1	3	7	10
472	10923	7	9	2	9	10
473	18916	0	0	0	8	10
474	110946	2	7	6	7	10
475	93230	2	8	7	4	10
476	50469	7	2	4	8	10
477	133474	0	9	0	5	10
478	29175	3	1	7	2	10
479	4637	3	0	9	9	10
480	46891	5	6	4	8	10
481	137901	8	2	4	2	10
482	64833	6	6	2	2	10
483	119190	1	0	2	9	10
484	138718	7	1	6	6	10
485	89043	4	0	3	3	10
486	6134	4	3	8	9	10
487	57385	1	6	8	6	10
488	86788	8	7	5	0	0
489	15319	4	1	2	9	10
490	165	6	8	2	3	10
491	81547	5	1	2	2	10
492	114489	4	3	2	0	0
493	97681	7	2	6	5	10
494	140922	5	3	2	4	10
495	88443	1	0	9	9	10
496	51852	5	2	3	8	10
497	73074	2	5	3	9	10
498	104502	7	9	4	0	0
499	100100	8	4	2	2	10
500	44233	3	8	5	1	10
501	4872	2	5	2	8	10
502	2199	9	3	4	9	10
503	120448	3	7	4	2	10
504	30800	0	1	4	4	10
505	102692	6	3	0	9	10
506	111175	4	2	1	5	10
507	31895	1	9	7	0	0
508	18509	9	4	5	5	10
509	117233	6	0	6	9	10
510	95517	0	7	8	0	0
511	130415	1	0	6	5	10
512	6930	7	1	3	6	10
513	52541	6	0	1	3	10
514	131560	9	6	9	9	10
515	75981	0	4	2	8	10
516	117776	1	2	7	3	10
517	128220	6	7	2	8	10
518	39819	9	4	6	8	10
519	30799	9	2	3	0	0
520	24190	8	4	9	2	10
521	144152	2	8	0	1	10
522	63449	3	6	8	6	10
523	50009	6	3	4	1	10
524	26969	1	5	3	6	10
525	61321	4	8	8	2	10
526	106346	2	1	0	4	10
527	127680	9	8	6	1	10
528	109411	5	6	2	0	0
529	81219	5	8	6	4	10
530	120020	6	5	9	6	10
531	148818	8	9	4	3	10
532	82128	3	3	8	2	10
533	34706	1	5	7	9	10
534	62739	4	8	8	8	10
535	131037	1	7	8	3	10
536	739	0	2	9	6	10
537	84183	9	2	0	9	10
538	75951	9	4	8	7	10
539	71095	3	6	2	8	10
540	124699	3	8	5	0	0
541	101330	3	4	5	5	10
542	148456	6	9	3	8	10
543	95603	9	2	0	1	10
544	46935	1	9	0	8	10
545	135935	3	0	7	7	10
546	109347	3	5	2	5	10
547	117202	0	0	2	8	10
548	113845	6	0	6	2	10
549	147568	7	1	6	9	10
550	100666	5	9	6	1	10
551	62339	9	0	5	2	10
552	122622	6	2	5	6	10
553	140503	2	9	6	4	10
554	134319	9	7	1	4	10
555	11862	7	8	5	3	10
556	141760	9	8	4	0	0
557	26979	8	5	1	7	10
558	19496	1	5	0	1	10
559	125017	6	1	0	7	10
560	110025	7	8	9	5	10
561	10144	4	0	5	1	10
562	26058	0	9	7	4	10
563	138010	3	2	0	2	10
564	42349	5	7	9	5	10
565	142552	1	1	1	8	10
566	149057	3	6	4	9	10
567	115474	1	7	9	2	10
568	8742	3	2	4	1	10
569	76079	2	2	7	7	10
570	47792	2	8	7	8	10
571	145421	3	9	3	5	10
572	123003	5	8	7	7	10
573	66420	3	3	4	0	0
574	110267	2	6	8	2	10
575	87048	7	5	6	4	10
576	56650	0	8	3	7	10
577	46029	0	9	3	5	10
578	138299	2	0	0	8	10
579	106831	4	9	1	1	10
580	29380	2	4	3	6	10
581	115859	7	0	9	3	10
582	106348	7	5	3	7	10
583	110884	0	5	6	7	10
584	29517	7	4	2	4	10
585	47008	3	4	8	5	10
586	48515	2	2	1	0	0
587	84529	4	2	7	0	0
588	60145	4	9	6	7	10
589	149607	3	1	9	7	10
590	120234	4	6	1	6	10
591	28783	4	8	3	3	10
592	71992	4	8	8	3	10
593	29438	9	8	6	1	10
594	54533	0	3	1	4	10
595	143024	4	5	6	1	10
596	145505	8	4	5	5	10
597	111041	3	8	3	5	10
598	23126	5	5	9	3	10
599	138030	9	3	7	6	10
600	9889	6	1	3	4	10
601	66914	3	4	7	5	10
602	38355	3	5	4	5	10
603	47211	2	4	6	9	10
604	129212	5	7	3	1	10
605	43989	0	5	1	8	10
606	133057	5	4	2	8	10
607	95845	9	3	5	4	10
608	60554	0	3	1	5	10
609	40819	6	7	7	2	10
610	120322	4	7	8	0	0
611	116428	7	6	0	8	10
612	41088	0	4	0	1	10
613	77115	1	4	9	5	10
614	19341	8	6	7	4	10
615	81382	0	8	2	4	10
616	95875	3	8	0	7	10
617	20792	4	4	5	5	10
618	146158	0	6	0	8	10
619	124682	9	5	2	5	10
620	116451	6	2	7	2	10
621	106288	9	8	6	2	10
622	112328	7	5	6	8	10
623	40298	3	4	4	3	10
624	139015	7	6	8	4	10
625	81155	1	2	8	3	10
626	86811	2	7	4	3	10
627	26897	9	4	1	2	10
628	126356	2	4	2	1	10
629	25366	6	2	5	3	10
630	26910	6	8	0	9	10
631	70564	4	9	4	6	10
632	42586	8	6	1	1	10
633	64363	0	3	4	5	10
634	142163	1	9	0	5	10
635	22855	6	0	9	8	10
636	16376	4	7	1	2	10
637	135234	8	6	4	2	10
638	93442	0	5	7	4	10
639	107515	2	5	8	5	10
640	128001	5	8	4	3	10
641	53472	6	3	3	1	10
642	131582	7	4	5	9	10
643	25433	8	7	2	6	10
644	120038	0	5	8	7	10
645	117793	8	6	2	7	10
646	56246	5	7	5	5	10
647	111902	6	5	5	1	10
648	32764	6	4	8	2	10
649	39497	7	4	3	2	10
650	15826	4	3	7	4	10
651	53538	8	9	0	2	10
652	24255	6	3	9	5	10
653	114017	2	1	5	2	10
654	47593	4	6	2	4	10
655	6775	6	7	7	5	10
656	127800	7	4	8	9	10
657	132100	6	7	0	3	10
658	140002	0	9	6	6	10
659	104161	4	2	4	8	10
660	82221	3	1	1	2	10
661	68951	2	3	0	9	10
662	27449	9	3	4	8	10
663	109246	2	4	9	9	10
664	49912	7	1	3	6	10
665	112022	2	0	1	6	10
666	28899	9	9	7	8	10
667	136408	0	9	4	6	10
668	99913	7	0	3	8	10
669	61660	5	6	9	7	10
670	32209	2	5	9	0	0
671	107563	9	1	8	5	10
672	86501	4	4	7	3	10
673	105191	2	4	9	0	0
674	11183	8	3	3	5	10
675	67524	7	4	5	7	10
676	75732	1	2	2	9	10
677	116544	8	9	2	5	10
678	97121	0	4	6	3	10
679	116988	6	5	4	5	10
680	140034	3	8	9	2	10
681	65916	1	7	3	8	10
682	19598	0	0	1	5	10
683	137257	2	9	8	0	0
684	4386	9	2	6	8	10
685	129577	5	8	6	1	10
686	76477	5	7	2	5	10
687	51037	9	2	7	0	0
688	99649	8	6	7	3	10
689	130767	7	2	2	0	0
690	13688	4	5	2	1	10
691	33941	5	5	3	2	10
692	138529	5	4	3	4	10
693	14637	7	7	1	2	10
694	54586	1	9	4	8	10
695	35445	1	2	1	1	10
696	85624	3	4	7	5	10
697	5159	1	5	9	2	10
698	52070	0	4	2	1	10
699	20528	4	2	9	1	10
700	14615	1	6	4	3	10
701	72018	6	1	1	3	10
702	38570	1	4	8	1	10
703	83855	2	4	4	0	0
704	88773	2	6	2	9	10
705	61742	6	5	4	2	10
706	81556	2	8	9	8	10
707	111328	6	8	4	4	10
708	87484	5	5	0	0	0
709	107009	4	1	0	1	10
710	35398	6	9	7	2	10
711	48609	6	6	4	1	10
712	9811	4	9	9	8	10
713	19798	1	9	3	8	10
714	19599	8	9	2	7	10
715	1749	2	8	7	5	10
716	1489	0	0	2	6	10
717	127309	9	2	4	5	10
718	76160	8	2	9	2	10
719	11192	2	1	0	1	10
720	5108	7	6	5	1	10
721	121526	8	7	9	3	10
722	61275	0	8	2	5	10
723	141637	2	9	9	3	10
724	120290	0	4	6	3	10
725	51643	8	9	8	6	10
726	128526	2	3	8	2	10
727	21599	9	5	9	3	10
728	29305	9	8	4	7	10
729	76320	2	9	9	7	10
730	65193	1	7	4	8	10
731	82200	3	1	4	8	10
732	50889	8	9	8	6	10
733	35850	4	0	3	8	10
734	6775	5	7	0	0	0
735	38950	4	8	9	7	10
736	15302	8	6	4	3	10
737	19429	0	2	8	2	10
738	38976	2	0	4	2	10
739	60023	6	9	6	5	10
740	87161	2	6	0	5	10
741	102839	6	9	6	1	10
742	90626	7	0	2	6	10
743	103358	3	6	6	4	10
744	82162	8	7	7	8	10
745	123309	1	3	6	7	10
746	27193	2	2	9	5	10
747	65134	7	2	1	4	10
748	142903	1	0	5	6	10
749	79735	0	2	4	2	10
750	128441	8	5	0	9	10
751	146601	1	7	6	1	10
752	47412	2	7	8	0	0
753	134724	1	3	5	2	10
754	75614	1	0	9	6	10
755	28805	0	9	9	5	10
756	24929	0	3	2	8	10
757	27145	7	7	9	7	10
758	133530	1	8	4	2	10
759	21730	2	8	0	2	10
760	61093	3	0	7	4	10
761	133036	8	4	9	8	10
762	5438	7	8	5	9	10
763	27672	9	4	0	1	10
764	88247	5	2	3	4	10
765	46287	7	3	8	0	0
766	124780	2	2	4	1	10
767	116371	3	6	7	6	10
768	56781	0	7	8	4	10
769	22948	5	0	1	5	10
770	43018	6	1	5	2	10
771	553	9	6	0	1	10
772	17599	9	2	3	2	10
773	119018	9	0	1	9	10
774	40331	5	1	3	4	10
775	95038	9	5	7	4	10
776	61852	4	7	7	2	10
777	20955	9	1	6	0	0
778	118296	8	2	4	6	10
779	82183	4	8	4	7	10
780	101333	5	8	6	8	10
781	90281	1	5	6	1	10
782	12487	4	3	1	7	10
783	110945	6	4	9	9	10
784	7677	5	1	7	2	10
785	44463	1	6	6	6	10
786	148388	0	2	1	8	10
787	19208	3	9	2	8	10
788	145765	3	1	2	1	10
789	17211	9	2	2	2	10
790	96135	4	9	0	1	10
791	16540	3	4	7	5	10
792	145890	4	0	8	6	10
793	7736	8	6	5	9	10
794	7994	9	4	2	5	10
795	28793	1	6	3	7	10
796	116799	3	0	3	5	10
797	95249	6	9	5	9	10
798	79390	0	2	8	2	10
799	121961	6	6	9	5	10
800	18633	2	5	9	2	10
801	21889	6	5	8	7	10
802	66954	7	0	2	1	10
803	146869	5	4	6	2	10
804	48740	5	9	6	7	10
805	83451	0	5	7	2	10
806	141938	2	2	0	4	10
807	1462	1	8	3	4	10
808	64889	2	6	8	6	10
809	60783	3	1	4	8	10
810	93492	3	8	2	9	10
811	54941	4	3	0	6	10
812	105234	1	2	5	6	10
813	72723	5	1	6	6	10
814	105797	9	9	6	3	10
815	85304	2	9	1	3	10
816	127455	7	5	6	8	10
817	8877	0	6	7	0	0
818	39596	9	9	6	6	10
819	141534	7	4	4	0	0
820	17624	6	4	1	7	10
821	120453	1	4	0	3	10
822	140270	2	1	7	9	10
823	77730	6	2	4	5	10
824	138340	0	8	0	4	10
825	51964	2	7	8	3	10
826	2793	7	9	8	1	10
827	88465	7	4	3	3	10
828	19145	6	3	5	0	0
829	11508	9	3	2	7	10
830	143098	3	5	3	8	10
831	140308	3	0	4	9	10
832	65681	6	0	9	7	10
833	85989	1	7	5	6	10
834	58600	7	1	5	9	10
835	94439	9	4	1	8	10
836	101841	9	6	2	1	10
837	34893	7	0	0	2	10
838	33969	7	0	9	7	10
839	56910	0	3	0	3	10
840	30382	4	2	2	2	10
841	15631	4	3	9	5	10
842	64575	3	2	1	8	10
843	45226	9	8	1	1	10
844	9518	3	9	1	0	0
845	5043	3	4	0	9	10
846	15519	4	1	5	7	10
847	106170	8	1	3	3	10
848	72911	4	8	6	7	10
849	129942	4	0	2	9	10
850	109654	9	3	1	4	10
851	1576	2	1	4	2	10
852	23526	3	8	7	1	10
853	135134	4	6	0	0	0
854	105897	1	2	6	8	10
855	113791	2	8	1	7	10
856	46759	5	6	7	0	0
857	72879	1	9	3	8	10
858	92307	8	8	5	9	10
859	35651	8	1	5	5	10
860	139027	8	7	1	6	10
861	69894	1	2	9	3	10
862	7798	2	0	4	2	10
863	84119	5	7	9	4	10
864	116411	0	1	0	6	10
865	63860	1	7	8	7	10
866	112299	9	5	9	6	10
867	100489	1	7	4	3	10
868	27050	8	6	9	0	0
869	104195	3	3	4	1	10
870	100674	2	1	0	4	10
871	132801	2	2	2	8	10
872	16284	0	5	0	5	10
873	36432	3	8	0	7	10
874	121921	3	6	7	1	10
875	14072	5	0	9	1	10
876	42099	6	1	0	0	0
877	4093	5	5	6	4	10
878	82547	1	5	7	2	10
879	67637	1	9	6	3	10
880	29942	7	4	6	1	10
881	139154	3	5	7	8	10
882	32957	5	0	4	3	10
883	79803	2	5	9	7	10
884	72880	2	7	4	5	10
885	14530	9	0	1	0	0
886	143236	5	4	0	2	10
887	41230	9	3	6	7	10
888	63543	6	3	9	5	10
889	143030	3	0	4	8	10
890	62071	7	8	9	7	10
891	112281	0	4	3	3	10
892	40374	6	1	3	6	10
893	97662	0	4	6	9	10
894	83051	5	0	1	5	10
895	44570	4	3	5	8	10
896	72867	9	4	2	2	10
897	72041	7	3	3	6	10
898	124871	3	2	0	6	10
899	86247	5	6	2	8	10
900	45629	7	7	8	9	10
901	14948	2	1	8	3	10
902	39031	4	3	0	6	10
903	96483	9	8	7	8	10
904	20365	4	4	2	0	0
905	78895	1	5	1	6	10
906	82168	7	3	2	0	0
907	99568	0	5	6	5	10
908	118949	8	1	6	6	10
909	33266	1	2	1	3	10
910	84469	3	6	0	6	10
911	142683	7	5	7	1	10
912	51208	4	5	0	6	10
913	123296	4	9	0	9	10
914	72235	2	9	3	3	10
915	93608	0	9	8	1	10
916	24649	7	3	0	4	10
917	38538	3	8	2	8	10
918	42986	9	4	3	6	10
919	33971	3	5	5	2	10
920	45133	4	2	4	6	10
921	35250	6	4	7	8	10
922	39768	9	5	8	1	10
923	31356	9	5	7	5	10
924	44872	0	2	2	5	10
925	9797	7	4	7	1	10
926	146458	4	1	8	4	10
927	38002	4	2	9	8	10
928	67184	1	6	7	0	0
929	80366	6	2	9	3	10
930	146359	5	4	6	2	10
931	145141	0	0	8	4	10
932	9448	3	3	6	1	10
933	63222	7	5	1	2	10
934	47617	1	6	2	5	10
935	10770	0	1	7	9	10
936	144824	4	0	3	4	10
937	1403	6	1	4	3	10
938	70654	5	6	2	3	10
939	28277	7	1	5	5	10
940	149817	2	4	4	0	0
941	2491	3	2	3	9	10
942	55984	8	3	9	2	10
943	44051	1	9	4	2	10
944	92926	7	5	2	5	10
945	40092	5	2	4	5	10
946	92235	9	2	7	1	10
947	3338	5	7	1	2	10
948	50428	0	5	9	4	10
949	19919	7	2	7	2	10
950	133667	9	5	8	7	10
951	23479	6	1	9	6	10
952	107509	3	6	3	6	10
953	10642	6	0	9	9	10
954	10850	1	7	2	9	10
955	149434	9	3	5	5	10
956	137964	2	9	1	3	10
957	83740	5	2	4	9	10
958	54086	9	5	6	1	10
959	3033	7	5	7	8	10
960	101206	3	9	2	8	10
961	3917	0	5	5	7	10
962	100370	8	4	7	5	10
963	51681	2	1	2	4	10
964	47897	3	2	7	0	0
965	119129	8	6	4	1	10
966	60284	1	1	5	8	10
967	100729	6	4	6	4	10
968	22039	2	9	6	4	10
969	28709	1	8	1	1	10
970	104438	9	1	0	6	10
971	12080	3	9	3	1	10
972	96858	4	5	2	5	10
973	23850	3	2	6	0	0
974	143642	0	9	7	3	10
975	2042	0	3	0	7	10
976	52910	1	9	6	0	0
977	43075	7	7	1	7	10
978	15148	7	3	0	2	10
979	53222	3	9	4	1	10
980	46222	3	9	2	8	10
981	92410	2	3	0	2	10
982	4860	0	1	0	2	10
983	56846	8	5	4	7	10
984	113628	1	2	7	2	10
985	113386	8	8	4	5	10
986	14807	3	0	3	0	0
987	46009	8	4	2	4	10
988	44467	0	3	2	5	10
989	45954	9	3	2	2	10
990	106294	1	2	6	1	10
991	113121	4	8	8	9	10
992	142716	5	2	5	0	0
993	36525	2	5	8	4	10
994	81364	1	4	9	2	10
995	98383	1	3	9	5	10
996	95623	1	2	6	3	10
997	130766	0	7	3	3	10
998	80954	8	3	1	6	10
999	29922	5	6	0	3	10
1000	116199	4	6	4	4	10
1001	58688	4	9	9	9	10
1002	55290	9	3	5	1	10
1003	87251	5	2	1	2	10
1004	56818	2	7	9	7	10
1005	2003	3	4	0	2	10
1006	78412	0	9	4	6	10
1007	105623	9	8	8	0	0
1008	54447	7	1	6	7	10
1009	4513	8	2	4	5	10
1010	105658	1	4	5	4	10
1011	144336	3	8	5	8	10
1012	137998	3	6	5	3	10
1013	14530	0	4	6	3	10
1014	3235	7	2	2	8	10
1015	88593	8	5	9	5	10
1016	59067	1	3	0	2	10
1017	137541	4	8	9	8	10
1018	41992	4	6	8	9	10
1019	124563	3	7	8	6	10
1020	382	5	6	8	9	10
1021	148159	4	6	8	4	10
1022	104356	5	5	1	6	10
1023	54203	8	5	8	9	10
1024	115575	2	9	8	0	0
1025	96771	0	9	9	8	10
1026	19876	3	2	3	4	10
1027	86531	3	4	4	9	10
1028	23142	3	8	8	5	10
1029	92672	6	0	5	8	10
1030	58450	7	5	7	0	0
1031	125965	1	7	3	2	10
1032	59001	4	4	3	9	10
1033	49957	9	7	1	2	10
1034	49437	1	9	9	7	10
1035	127685	9	0	0	1	10
1036	98402	6	6	9	0	0
1037	128878	6	9	3	0	0
1038	10854	3	8	2	2	10
1039	100046	9	0	2	8	10
1040	105367	2	6	8	5	10
1041	22556	8	5	7	7	10
1042	42717	2	4	1	4	10
1043	29531	7	5	0	7	10
1044	127981	2	0	4	1	10
1045	18265	7	3	8	1	10
1046	127361	9	6	0	2	10
1047	146509	2	5	1	4	10
1048	29677	5	1	9	1	10
1049	71312	7	3	1	1	10
1050	147213	4	5	0	4	10
1051	36713	5	7	8	3	10
1052	21571	1	8	3	4	10
1053	121673	4	6	9	0	0
1054	143516	7	2	9	4	10
1055	41835	6	8	6	4	10
1056	48570	6	3	7	1	10
1057	72870	0	9	0	8	10
1058	14483	7	8	3	8	10
1059	117299	1	7	9	0	0
1060	70010	8	8	6	3	10
1061	94030	0	7	0	3	10
1062	30507	4	2	2	0	0
1063	80203	8	4	6	2	10
1064	38493	0	5	6	9	10
1065	93468	3	6	5	1	10
1066	12659	2	3	8	8	10
1067	19125	4	9	0	2	10
1068	43906	8	9	6	6	10
1069	82120	4	6	0	9	10
1070	4176	4	3	6	1	10
1071	92681	9	7	9	0	0
1072	117220	3	1	6	5	10
1073	73907	7	5	6	3	10
1074	10792	7	1	5	9	10
1075	11186	2	4	0	9	10
1076	102443	7	1	7	2	10
1077	132420	3	1	5	6	10
1078	51188	2	6	8	6	10
1079	109686	6	9	5	7	10
1080	105438	2	6	9	1	10
1081	148564	1	3	3	2	10
1082	83169	4	2	4	3	10
1083	57116	4	6	1	4	10
1084	15995	2	6	9	1	10
1085	95906	2	9	7	9	10
1086	71088	9	9	5	0	0
1087	70936	1	5	9	2	10
1088	137326	4	2	2	8	10
1089	53215	9	8	6	7	10
1090	130074	9	3	9	9	10
1091	28610	6	1	9	9	10
1092	9431	1	2	0	7	10
1093	117992	8	1	0	8	10
1094	143483	1	4	1	2	10
1095	27034	7	6	4	7	10
1096	118736	5	1	8	3	10
1097	42978	0	2	2	6	10
1098	37180	7	7	6	8	10
1099	92942	8	4	5	6	10
1100	146859	0	6	7	2	10
1101	34686	5	2	1	1	10
1102	135859	3	1	8	4	10
1103	134988	2	3	0	5	10
1104	41830	5	1	7	6	10
1105	79704	3	1	6	9	10
1106	138191	9	9	7	9	10
1107	146176	6	3	3	6	10
1108	105448	2	7	8	9	10
1109	66265	1	5	9	5	10
1110	71579	1	3	9	7	10
1111	2029	1	0	2	9	10
1112	9198	8	3	3	2	10
1113	35418	4	4	2	1	10
1114	40076	4	9	2	2	10
1115	106507	6	9	4	4	10
1116	122366	3	1	5	7	10
1117	66232	8	7	0	9	10
1118	83154	4	8	8	0	0
1119	81659	7	2	5	1	10
1120	29020	9	4	0	8	10
1121	95724	3	8	2	8	10
1122	102744	6	9	6	4	10
1123	98064	4	1	0	9	10
1124	3386	9	7	9	6	10
1125	132777	0	0	5	1	10
1126	68183	7	8	8	2	10
1127	85581	1	5	2	7	10
1128	84533	8	9	5	0	0
1129	145166	7	7	0	7	10
1130	118911	9	4	5	1	10
1131	56027	1	6	4	9	10
1132	45127	6	7	3	1	10
1133	22146	0	1	0	5	10
1134	105060	2	7	3	7	10
1135	148775	0	2	0	6	10
1136	40222	8	6	8	8	10
1137	115641	2	9	0	7	10
1138	121719	4	5	6	0	0
1139	107945	4	7	0	0	0
1140	131021	3	3	5	9	10
1141	82162	7	2	5	3	10
1142	34920	3	5	5	7	10
1143	99580	8	4	7	0	0
1144	100592	2	9	9	8	10
1145	93282	4	4	5	3	10
1146	68655	0	0	3	4	10
1147	99994	3	8	9	0	0
1148	47073	1	3	2	1	10
1149	7040	8	8	2	0	0
1150	76039	8	6	1	4	10
1151	54351	6	9	0	4	10
1152	84798	8	0	0	6	10
1153	130398	9	2	7	9	10
1154	10399	1	9	1	1	10
1155	45853	4	2	0	0	0
1156	144383	5	2	8	3	10
1157	100239	8	9	8	9	10
1158	95056	0	9	0	8	10
1159	63362	6	3	0	2	10
1160	113588	7	3	9	3	10
1161	26592	9	2	1	6	10
1162	45534	2	5	9	2	10
1163	122508	3	1	4	2	10
1164	63676	1	0	6	9	10
1165	90792	8	6	8	9	10
1166	129579	2	0	0	4	10
1167	47481	2	7	9	0	0
1168	40004	3	8	6	8	10
1169	2238	5	9	4	0	0
1170	106712	9	8	3	6	10
1171	56868	4	7	8	2	10
1172	72906	9	1	9	4	10
1173	30115	3	2	5	9	10
1174	144936	2	5	0	6	10
1175	41841	0	9	2	9	10
1176	41451	8	7	6	0	0
1177	17356	8	2	5	7	10
1178	680	2	2	9	6	10
1179	121786	2	6	5	6	10
1180	2187	9	1	3	4	10
1181	35193	3	9	6	3	10
1182	30640	6	1	2	9	10
1183	123048	8	9	9	1	10
1184	25314	5	2	5	7	10
1185	115879	5	5	4	1	10
1186	57289	2	5	8	3	10
1187	48719	9	8	2	5	10
1188	114948	6	9	1	9	10
1189	75444	0	9	8	3	10
1190	38763	8	5	4	4	10
1191	38734	1	8	9	9	10
1192	148139	2	7	6	7	10
1193	54617	1	8	4	3	10
1194	139754	8	1	5	9	10
1195	95765	7	0	3	2	10
1196	87994	4	0	9	1	10
1197	91392	6	6	9	8	10
1198	144992	6	7	9	5	10
1199	80847	4	1	9	5	10
1200	108359	5	6	0	9	10
1201	148457	6	2	1	9	10
1202	42666	6	6	1	7	10
1203	118480	2	0	7	6	10
1204	78823	6	9	1	3	10
1205	55404	8	7	4	0	0
1206	135963	3	9	1	1	10
1207	136057	3	9	6	0	0
1208	90696	7	8	0	3	10
1209	101270	9	3	6	4	10
1210	107832	9	2	3	2	10
1211	134950	5	6	3	8	10
1212	61082	5	5	7	3	10
1213	131437	1	1	8	9	10
1214	2109	4	8	4	1	10
1215	70257	9	6	1	6	10
1216	121502	1	7	5	5	10
1217	35782	8	0	6	5	10
1218	54865	4	7	9	3	10
1219	8288	1	2	1	0	0
1220	111587	9	4	3	4	10
1221	18229	5	1	3	6	10
1222	118258	1	9	1	3	10
1223	45743	2	4	7	8	10
1224	20492	8	3	0	0	0
1225	73068	0	7	4	8	10
1226	14230	2	9	4	1	10
1227	18671	7	2	4	0	0
1228	134324	7	9	5	7	10
1229	76279	2	3	3	2	10
1230	88	3	0	3	5	10
1231	81981	8	0	9	3	10
1232	122572	3	9	0	8	10
1233	9636	8	2	7	7	10
1234	12202	0	4	5	4	10
1235	44147	2	8	7	4	10
1236	116722	6	5	5	2	10
1237	71768	3	3	1	8	10
1238	90648	5	6	7	9	10
1239	74121	9	1	2	6	10
1240	144844	7	9	9	4	10
1241	122474	5	5	4	0	0
1242	1432	4	2	7	7	10
1243	75962	5	8	7	1	10
1244	14289	6	2	4	0	0
1245	85547	4	8	6	3	10
1246	141571	3	0	1	3	10
1247	81789	0	8	0	4	10
1248	8101	5	6	2	1	10
1249	69475	0	7	3	0	0
1250	29072	5	3	7	9	10
1251	9714	6	9	2	2	10
1252	26433	3	6	1	3	10
1253	49494	5	0	3	1	10
1254	137038	9	5	3	6	10
1255	13018	4	8	8	8	10
1256	4003	6	6	6	9	10
1257	7872	1	5	1	1	10
1258	26829	3	7	9	5	10
1259	654	1	7	2	1	10
1260	67601	3	1	0	6	10
1261	16126	2	8	7	4	10
1262	35160	9	0	7	5	10
1263	115823	8	0	7	7	10
1264	37601	2	3	4	8	10
1265	102038	9	5	4	3	10
1266	3921	9	3	1	6	10
1267	28396	4	6	5	8	10
1268	3238	8	6	6	4	10
1269	2164	9	3	6	0	0
1270	77136	4	4	3	9	10
1271	64444	3	0	3	0	0
1272	27213	3	1	5	5	10
1273	29551	2	3	0	5	10
1274	8523	7	1	3	4	10
1275	77796	5	6	3	5	10
1276	24241	7	3	9	6	10
1277	10741	9	9	5	1	10
1278	84993	2	2	2	5	10
1279	120287	1	2	6	3	10
1280	1118	5	9	8	8	10
1281	110089	5	4	4	6	10
1282	25010	5	5	1	5	10
1283	104359	4	8	8	7	10
1284	50585	6	6	6	9	10
1285	45474	8	5	0	4	10
1286	148943	1	8	6	1	10
1287	103622	5	7	1	4	10
1288	129811	8	7	8	5	10
1289	43616	4	3	9	6	10
1290	69865	5	6	5	0	0
1291	142747	2	0	7	5	10
1292	141354	4	5	9	3	10
1293	64931	6	0	0	8	10
1294	104157	9	1	5	7	10
1295	50999	8	1	2	6	10
1296	2530	2	1	5	9	10
1297	137181	1	8	2	1	10
1298	32646	2	5	1	3	10
1299	118240	3	7	9	4	10
1300	12882	0	2	1	9	10
1301	114169	2	1	0	2	10
1302	47948	6	1	9	9	10
1303	39038	3	1	1	5	10
1304	69605	1	1	1	6	10
1305	104432	6	2	1	1	10
1306	82114	8	4	2	8	10
1307	56196	8	1	7	1	10
1308	17793	5	3	2	4	10
1309	75319	7	1	6	9	10
1310	67401	0	7	7	7	10
1311	3069	8	8	9	9	10
1312	56638	2	2	7	2	10
1313	49634	0	2	6	1	10
1314	44731	1	3	3	0	0
1315	37599	4	0	4	8	10
1316	107853	8	3	1	0	0
1317	14740	0	9	1	3	10
1318	86957	9	3	2	2	10
1319	9917	2	0	7	1	10
1320	18085	3	3	5	6	10
1321	119758	8	4	2	9	10
1322	53254	9	4	3	9	10
1323	62408	1	9	1	0	0
1324	26122	7	5	9	0	0
1325	24353	6	8	1	9	10
1326	88651	7	4	1	2	10
1327	71975	9	6	3	8	10
1328	62666	0	1	1	2	10
1329	75095	2	5	6	9	10
1330	85568	0	4	7	1	10
1331	137739	2	4	5	8	10
1332	135928	0	4	0	2	10
1333	16225	5	4	8	2	10
1334	99107	1	3	3	9	10
1335	118402	8	6	5	6	10
1336	63044	3	8	0	1	10
1337	89815	8	5	4	4	10
1338	121309	3	3	3	9	10
1339	115018	2	4	9	4	10
1340	136636	5	7	5	9	10
1341	133088	9	7	8	5	10
1342	44066	4	0	8	8	10
1343	61399	9	4	9	4	10
1344	20866	2	4	7	1	10
1345	25712	4	0	4	0	0
1346	71420	7	4	9	1	10
1347	119192	0	3	9	4	10
1348	60469	3	1	3	6	10
1349	56190	2	9	6	9	10
1350	102396	8	0	0	0	0
1351	18743	0	7	6	0	0
1352	88108	0	2	7	6	10
1353	85951	7	7	7	4	10
1354	144587	7	5	2	2	10
1355	107895	8	5	2	3	10
1356	45889	9	0	8	4	10
1357	36228	5	2	9	4	10
1358	134342	4	6	7	7	10
1359	35110	0	5	0	2	10
1360	11624	0	8	8	4	10
1361	9741	6	2	3	9	10
1362	44287	9	8	3	9	10
1363	99304	9	8	5	9	10
1364	73465	7	8	2	1	10
1365	136073	4	1	1	4	10
1366	128716	1	7	2	7	10
1367	144273	2	0	6	4	10
1368	59138	3	5	5	5	10
1369	137385	9	1	0	8	10
1370	114206	7	6	4	9	10
1371	66311	9	9	6	6	10
1372	83646	2	2	3	5	10
1373	111825	6	2	7	4	10
1374	102701	5	5	7	2	10
1375	84365	0	0	9	9	10
1376	21296	5	9	8	5	10
1377	4302	3	1	3	6	10
1378	47070	5	4	0	0	0
1379	100610	3	7	0	6	10
1380	54474	5	6	4	5	10
1381	130755	2	9	1	5	10
1382	80240	4	8	0	6	10
1383	123415	1	3	2	7	10
1384	64095	1	3	5	2	10
1385	95774	9	8	8	5	10
1386	137137	4	4	4	8	10
1387	18965	5	7	4	0	0
1388	106696	5	5	5	2	10
1389	32493	0	8	6	2	10
1390	8922	9	4	9	7	10
1391	146562	9	6	9	3	10
1392	139548	8	8	8	5	10
1393	101060	5	6	1	9	10
1394	16428	5	7	0	7	10
1395	104860	8	2	7	0	0
1396	103902	9	3	6	4	10
1397	118899	5	6	9	5	10
1398	141407	1	2	6	3	10
1399	76343	9	7	1	6	10
1400	118963	0	3	6	0	0
1401	136137	1	7	3	9	10
1402	83322	9	5	8	9	10
1403	795	6	0	1	5	10
1404	66462	4	1	4	0	0
1405	74215	3	0	4	6	10
1406	149319	5	8	3	0	0
1407	62393	2	9	4	4	10
1408	141703	6	2	3	8	10
1409	22204	2	1	4	0	0
1410	32384	0	0	9	6	10
1411	88206	0	2	5	0	0
1412	128042	0	3	7	4	10
1413	15902	4	8	8	1	10
1414	78553	5	1	5	5	10
1415	87620	7	1	1	8	10
1416	133849	1	0	7	2	10
1417	6773	7	8	9	2	10
1418	73662	6	9	9	5	10
1419	98508	2	3	1	6	10
1420	22057	0	7	8	5	10
1421	6757	7	6	4	5	10
1422	28142	1	8	2	8	10
1423	113535	4	6	4	1	10
1424	64047	7	4	4	5	10
1425	8322	7	1	9	4	10
1426	12134	0	3	5	3	10
1427	128403	6	7	6	9	10
1428	137736	6	8	6	5	10
1429	141363	4	6	5	8	10
1430	64776	5	8	2	2	10
1431	113178	0	6	4	7	10
1432	71609	1	1	2	6	10
1433	16180	1	3	7	1	10
1434	72082	6	5	2	5	10
1435	29750	5	4	3	0	0
1436	46826	5	0	5	8	10
1437	119716	2	9	2	0	0
1438	82136	2	0	6	2	10
1439	1212	6	9	5	8	10
1440	50266	3	3	8	3	10
1441	36892	4	8	4	7	10
1442	109039	1	7	8	2	10
1443	32237	4	3	2	6	10
1444	113897	8	9	2	7	10
1445	111714	1	9	8	4	10
1446	122141	4	0	8	9	10
1447	134447	3	0	3	7	10
1448	118713	8	6	3	9	10
1449	138624	9	9	8	9	10
1450	87125	6	5	9	0	0
1451	72972	3	7	7	5	10
1452	62812	9	5	6	4	10
1453	54530	3	4	6	1	10
1454	3783	9	5	9	3	10
1455	107815	2	2	2	5	10
1456	13392	2	8	5	7	10
1457	64114	7	0	5	8	10
1458	42972	7	3	7	9	10
1459	139849	4	3	2	7	10
1460	72868	2	0	4	2	10
1461	76921	5	4	4	5	10
1462	18686	7	0	8	6	10
1463	147862	3	8	1	2	10
1464	139905	1	8	6	3	10
1465	41090	8	7	2	4	10
1466	5970	0	9	0	2	10
1467	91380	4	1	0	1	10
1468	31256	4	2	4	7	10
1469	105867	4	9	1	6	10
1470	138067	6	3	8	3	10
1471	87965	3	5	2	9	10
1472	96430	6	6	2	8	10
1473	134571	0	3	3	5	10
1474	2160	2	5	5	9	10
1475	24589	4	1	9	5	10
1476	36270	8	3	7	8	10
1477	14308	6	8	6	1	10
1478	4586	9	5	8	3	10
1479	78444	5	6	8	1	10
1480	107169	8	7	8	4	10
1481	82208	4	0	2	7	10
1482	8100	0	8	2	7	10
1483	31492	4	5	1	4	10
1484	105703	3	3	9	5	10
1485	73700	8	3	2	0	0
1486	87880	1	6	2	7	10
1487	79694	1	8	2	9	10
1488	71262	1	8	7	0	0
1489	74482	4	2	2	4	10
1490	102503	4	4	0	0	0
1491	80367	1	2	9	6	10
1492	44033	1	3	4	5	10
1493	9120	1	3	5	6	10
1494	129252	3	9	7	9	10
1495	12485	2	5	6	8	10
1496	45878	9	1	4	5	10
1497	60699	0	2	9	0	0
1498	72827	9	0	6	4	10
1499	85742	6	1	1	5	10
1500	93627	0	5	4	6	10